     -89.5000     -88.5000     -87.5000     -86.5000     -85.5000     -84.5000
     -83.5000     -82.5000     -81.5000     -80.5000     -79.5000     -78.5000
     -77.5000     -76.5000     -75.5000     -74.5000     -73.5000     -72.5000
     -71.5000     -70.5000     -69.5000     -68.5000     -67.5000     -66.5000
     -65.5000     -64.5000     -63.5000     -62.5000     -61.5000     -60.5000
     -59.5000     -58.5000     -57.5000     -56.5000     -55.5000     -54.5000
     -53.5000     -52.5000     -51.5000     -50.5000     -49.5000     -48.5000
     -47.5000     -46.5000     -45.5000     -44.5000     -43.5000     -42.5000
     -41.5000     -40.5000     -39.5000     -38.5000     -37.5000     -36.5000
     -35.5000     -34.5000     -33.5000     -32.5000     -31.5000     -30.5000
     -29.5000     -28.5000     -27.5000     -26.5000     -25.5000     -24.5000
     -23.5000     -22.5000     -21.5000     -20.5000     -19.5000     -18.5000
     -17.5000     -16.5000     -15.5000     -14.5000     -13.5000     -12.5000
     -11.5000     -10.5000     -9.50000     -8.50000     -7.50000     -6.50000
     -5.50000     -4.50000     -3.50000     -2.50000     -1.50000    -0.500000
     0.500000      1.50000      2.50000      3.50000      4.50000      5.50000
      6.50000      7.50000      8.50000      9.50000      10.5000      11.5000
      12.5000      13.5000      14.5000      15.5000      16.5000      17.5000
      18.5000      19.5000      20.5000      21.5000      22.5000      23.5000
      24.5000      25.5000      26.5000      27.5000      28.5000      29.5000
      30.5000      31.5000      32.5000      33.5000      34.5000      35.5000
      36.5000      37.5000      38.5000      39.5000      40.5000      41.5000
      42.5000      43.5000      44.5000      45.5000      46.5000      47.5000
      48.5000      49.5000      50.5000      51.5000      52.5000      53.5000
      54.5000      55.5000      56.5000      57.5000      58.5000      59.5000
      60.5000      61.5000      62.5000      63.5000      64.5000      65.5000
      66.5000      67.5000      68.5000      69.5000      70.5000      71.5000
      72.5000      73.5000      74.5000      75.5000      76.5000      77.5000
      78.5000      79.5000      80.5000      81.5000      82.5000      83.5000
      84.5000      85.5000      86.5000      87.5000      88.5000      89.5000
  -0.00538235   -0.0183612   -0.0385403   -0.0666597    -0.103240    -0.148747
    -0.202873    -0.265346    -0.336066    -0.414434    -0.500581    -0.594142
    -0.694168    -0.802081    -0.919720     -1.04606     -1.18111     -1.32680
     -1.48338     -1.64871     -1.82118     -2.00095     -2.18710     -2.37525
     -2.56265     -2.74901     -2.93235     -3.11369     -3.29307     -3.47000
     -3.64155     -3.80919     -3.97278     -4.13227     -4.28787     -4.43916
     -4.58450     -4.72501     -4.86018     -4.98923     -5.11238     -5.22891
     -5.33782     -5.43868     -5.53079     -5.61442     -5.68879     -5.75346
     -5.80818     -5.85278     -5.88721     -5.91206     -5.92603     -5.92797
     -5.91915     -5.90090     -5.87384     -5.83687     -5.79260     -5.74040
     -5.68006     -5.61238     -5.53713     -5.45368     -5.36235     -5.26525
     -5.16069     -5.04900     -4.92951     -4.80141     -4.66233     -4.51374
     -4.35636     -4.18849     -4.00859     -3.81744     -3.61531     -3.40309
     -3.17925     -2.94460     -2.69996     -2.44649     -2.18292     -1.91112
     -1.63160     -1.34276     -1.04853    -0.745501    -0.437236    -0.122420
     0.190964     0.498110     0.796868      1.08904      1.37488      1.65605
      1.93659      2.21686      2.49646      2.77465      3.04856      3.31791
      3.57372      3.81122      4.02828      4.22326      4.39905      4.55491
      4.69179      4.81635      4.93107      5.03547      5.13024      5.21649
      5.29391      5.36055      5.41862      5.46290      5.50056      5.53202
      5.55621      5.58203      5.60668      5.62874      5.64421      5.65207
      5.65290      5.64415      5.62489      5.59405      5.55316      5.50351
      5.44478      5.37524      5.29632      5.20883      5.11320      5.00935
      4.89822      4.78163      4.65933      4.53097      4.39776      4.26071
      4.12045      3.97637      3.82776      3.67699      3.52575      3.37340
      3.21679      3.05834      2.89953      2.74084      2.58172      2.42195
      2.26389      2.10676      1.95083      1.79672      1.64555      1.49664
      1.35071      1.20957      1.07429     0.945742     0.823905     0.709095
     0.601524     0.502248     0.411266     0.329296     0.255750     0.190677
     0.134829    0.0885298    0.0518899    0.0250058   0.00734796  2.71482e-05
      0.00000      0.00000      0.00000      0.00000      0.00000      0.00000
      0.00000      0.00000      0.00000      0.00000      0.00000      0.00000
   -0.0104124   -0.0209312   -0.0337741   -0.0466388   -0.0645260   -0.0825509
    -0.100597    -0.121506    -0.149732    -0.178876    -0.215889    -0.261172
    -0.312376    -0.359184    -0.404028    -0.443717    -0.481893    -0.518360
    -0.550552    -0.578886    -0.603125    -0.622966    -0.640256    -0.647557
    -0.644544    -0.633302    -0.615061    -0.588754    -0.562409    -0.540506
    -0.523430    -0.507062    -0.494055    -0.494100    -0.507554    -0.535318
    -0.579555    -0.635712    -0.700771    -0.762237    -0.818000    -0.865471
    -0.905781    -0.934562    -0.960281    -0.981899     -1.00445     -1.02827
     -1.04998     -1.07189     -1.09303     -1.11069     -1.12404     -1.13585
     -1.14721     -1.16043     -1.17280     -1.18401     -1.19358     -1.20071
     -1.20558     -1.21175     -1.21762     -1.22089     -1.21705     -1.20530
     -1.17893     -1.14139     -1.09047     -1.03023    -0.954520    -0.853407
    -0.728770    -0.577919    -0.408651    -0.207226    0.0221728     0.277849
     0.512669     0.698923     0.841794     0.954246      1.04034      1.10177
      1.14706      1.21558      1.30962      1.38871      1.46211      1.54377
      1.62039      1.68463      1.73811      1.78053      1.81414      1.83961
      1.85690      1.87227      1.88005      1.88288      1.88753      1.88438
      1.87915      1.86457      1.84707      1.82729      1.80770      1.78291
      1.75558      1.71884      1.66960      1.61237      1.54930      1.47907
      1.39945      1.31161      1.22050      1.13202      1.05893      1.00578
     0.971144     0.952326     0.937153     0.923377     0.913833     0.903624
     0.891027     0.872768     0.850271     0.826591     0.804577     0.781116
     0.754178     0.722375     0.684845     0.644515     0.597755     0.550507
     0.511495     0.476051     0.445104     0.417003     0.394366     0.376587
     0.361145     0.345767     0.328427     0.305577     0.276396     0.244938
     0.213812     0.182311     0.151021     0.123269    0.0968935    0.0733062
    0.0547916    0.0398905    0.0260466    0.0138102   0.00500438  -0.00169394
  -0.00735191   -0.0108105   -0.0136067   -0.0152772   -0.0163729   -0.0167735
  -0.00538235   -0.0183612   -0.0385403   -0.0666597    -0.103240    -0.148747
    -0.202873    -0.265346    -0.336066    -0.414434    -0.500581    -0.594142
    -0.683756    -0.781150    -0.885946    -0.999422     -1.11658     -1.24425
     -1.38279     -1.52720     -1.67145     -1.82208     -1.97121     -2.11408
     -2.25028     -2.38982     -2.52833     -2.66997     -2.81117     -2.95164
     -3.09100     -3.23031     -3.36965     -3.50931     -3.64761     -3.79160
     -3.93995     -4.09171     -4.24512     -4.40048     -4.54997     -4.68841
     -4.81439     -4.93162     -5.03674     -5.12032     -5.18123     -5.21814
     -5.22863     -5.21707     -5.18644     -5.14982     -5.10803     -5.06250
     -5.01336     -4.96634     -4.91355     -4.85497     -4.78815     -4.71213
     -4.63007     -4.54049     -4.44410     -4.34299     -4.23831     -4.12940
     -4.01348     -3.88857     -3.75671     -3.61740     -3.46875     -3.31303
     -3.15077     -2.97675     -2.79097     -2.59655     -2.39826     -2.19779
     -2.00032     -1.80322     -1.60948     -1.41626     -1.22840     -1.05771
    -0.902825    -0.764839    -0.639875    -0.538274    -0.459408    -0.400269
    -0.321705    -0.200813   -0.0449252     0.134798     0.334536     0.554272
     0.789524      1.00128      1.18684      1.38594      1.58645      1.77415
      1.95333      2.12659      2.29017      2.44273      2.58490      2.71530
      2.83489      2.94408      3.05102      3.15259      3.24271      3.33211
      3.41476      3.49598      3.57155      3.63561      3.69286      3.74912
      3.80064      3.86319      3.93708      4.01637      4.09490      4.17300
      4.25345      4.33253      4.40439      4.46203      4.49423      4.49772
      4.47363      4.42291      4.35917      4.28545      4.19936      4.10573
      4.00719      3.90886      3.80906      3.70438      3.59318      3.47960
      3.36627      3.25400      3.14292      3.03248      2.92800      2.82289
      2.70530      2.58229      2.45443      2.32383      2.18735      2.04537
      1.90275      1.76099      1.62240      1.49114      1.36915      1.25171
      1.13690      1.02726     0.923268     0.822472     0.727011     0.635789
     0.546733     0.462357     0.385220     0.315485     0.250746     0.192371
     0.142181    0.0993403    0.0654966    0.0402830    0.0237208    0.0168007
  1.00000e+36  1.00000e+36  1.00000e+36  1.00000e+36  1.00000e+36  1.00000e+36
  1.00000e+36  1.00000e+36  1.00000e+36  1.00000e+36  1.00000e+36  1.00000e+36
  1.00000e+36  1.00000e+36  1.00000e+36  1.00000e+36  1.00000e+36  1.00000e+36
  1.00000e+36  1.00000e+36  1.00000e+36  1.00000e+36  1.00000e+36  1.00000e+36
  1.00000e+36  1.00000e+36  1.00000e+36  1.00000e+36  1.00000e+36  1.00000e+36
  1.00000e+36  1.00000e+36  1.00000e+36  1.00000e+36  1.00000e+36  1.00000e+36
  1.00000e+36  1.00000e+36  1.00000e+36  1.00000e+36  1.00000e+36  1.00000e+36
  1.00000e+36  1.00000e+36  1.00000e+36  1.00000e+36  1.00000e+36  1.00000e+36
  1.00000e+36  1.00000e+36  1.00000e+36  1.00000e+36  1.00000e+36  1.00000e+36
  1.00000e+36     0.458101     0.450458     0.447024     0.447048     0.449601
     0.456216     0.463800     0.471020     0.480500     0.492128     0.504473
     0.516627     0.528198     0.540199     0.551576     0.564297     0.576797
     0.588315     0.597638     0.604375     0.608944     0.611732     0.613267
     0.615881     0.619634     0.624823     0.634115     0.647510     0.664756
     0.687814     0.718400     0.755801     0.798406     0.847254     0.900284
     0.944617     0.977568      1.00131      1.02045      1.03752      1.04876
      1.05919      1.06727      1.07548      1.08427      1.09609      1.11338
      1.13109      1.14781      1.16077      1.17131      1.18007      1.18981
      1.19919      1.20795      1.21575      1.22056      1.22717      1.22801
      1.22665      1.22317      1.21961      1.21365      1.20785      1.20226
      1.19806      1.18984      1.17716      1.16105      1.14142      1.11400
      1.08056      1.03726     0.990858     0.943789     0.901775     0.869554
     0.846848     0.834267     0.821949     0.808132     0.796885     0.784067
     0.769121     0.750486     0.730750     0.712903     0.698192     0.684186
     0.668005     0.648898     0.626092     0.600590     0.571626     0.540238
     0.511286     0.483217     0.456193     0.430391     0.410463     0.393361
     0.377918     0.362540     0.345201     0.322350     0.293169     0.261712
     0.230585     0.199085     0.167795     0.140043     0.113667    0.0900797
    0.0715651    0.0566640    0.0428201    0.0305837    0.0217779    0.0150796
   0.00942165   0.00596303   0.00316685   0.00149632  0.000400662      0.00000
  1.00000e+36  1.00000e+36  1.00000e+36  1.00000e+36  1.00000e+36  1.00000e+36
  1.00000e+36  1.00000e+36  1.00000e+36  1.00000e+36  1.00000e+36  1.00000e+36
  1.00000e+36  1.00000e+36  1.00000e+36  1.00000e+36  1.00000e+36  1.00000e+36
  1.00000e+36  1.00000e+36  1.00000e+36  1.00000e+36  1.00000e+36  1.00000e+36
  1.00000e+36  1.00000e+36  1.00000e+36  1.00000e+36  1.00000e+36  1.00000e+36
  1.00000e+36  1.00000e+36  1.00000e+36  1.00000e+36  1.00000e+36  1.00000e+36
  1.00000e+36  1.00000e+36  1.00000e+36  1.00000e+36  1.00000e+36  1.00000e+36
  1.00000e+36  1.00000e+36  1.00000e+36  1.00000e+36  1.00000e+36  1.00000e+36
  1.00000e+36  1.00000e+36  1.00000e+36  1.00000e+36  1.00000e+36  1.00000e+36
  1.00000e+36     -1.03518     -1.04390     -1.05327     -1.06353     -1.07449
     -1.08510     -1.09516     -1.10289     -1.11021     -1.11636     -1.12218
     -1.12686     -1.13263     -1.13784     -1.14247     -1.14645     -1.14945
     -1.14998     -1.15051     -1.15033     -1.14881     -1.14441     -1.13812
     -1.12673     -1.11503     -1.09871     -1.07455     -1.03866    -0.985170
    -0.915855    -0.820451    -0.716476    -0.590131    -0.440450    -0.270329
    -0.110725    0.0132458     0.107142     0.176876     0.225861     0.256035
     0.272935     0.315977     0.384156     0.438275     0.483098     0.527616
     0.567991     0.601129     0.629092     0.650557     0.665218     0.673173
     0.675555     0.673334     0.669260     0.662130     0.657236     0.652522
     0.644673     0.634382     0.621733     0.608485     0.594505     0.575736
     0.552497     0.523404     0.486007     0.444810     0.401628     0.358093
     0.314175     0.270514     0.225972     0.185549     0.155161     0.134249
     0.122704     0.116850     0.113599     0.114041     0.115887     0.118387
     0.120610     0.121026     0.118357     0.112630     0.105650    0.0961966
    0.0856682    0.0738545    0.0595364    0.0453036    0.0279687    0.0126494
   0.00308545  -0.00402594  -0.00674774  -0.00854579   -0.0111599   -0.0111599
   -0.0111599   -0.0111599   -0.0111599   -0.0111599   -0.0111599   -0.0111599
   -0.0111599   -0.0111599   -0.0111599   -0.0111599   -0.0111599   -0.0111599
   -0.0111599   -0.0111599   -0.0111599   -0.0111599   -0.0111599   -0.0111599
   -0.0111599   -0.0111599   -0.0111599   -0.0111599   -0.0111599   -0.0111599
  1.00000e+36  1.00000e+36  1.00000e+36  1.00000e+36  1.00000e+36  1.00000e+36
  1.00000e+36  1.00000e+36  1.00000e+36  1.00000e+36  1.00000e+36  1.00000e+36
  1.00000e+36  1.00000e+36  1.00000e+36  1.00000e+36  1.00000e+36  1.00000e+36
  1.00000e+36  1.00000e+36  1.00000e+36  1.00000e+36  1.00000e+36  1.00000e+36
  1.00000e+36  1.00000e+36  1.00000e+36  1.00000e+36  1.00000e+36  1.00000e+36
  1.00000e+36  1.00000e+36  1.00000e+36  1.00000e+36  1.00000e+36  1.00000e+36
  1.00000e+36  1.00000e+36  1.00000e+36  1.00000e+36  1.00000e+36  1.00000e+36
  1.00000e+36  1.00000e+36  1.00000e+36  1.00000e+36  1.00000e+36  1.00000e+36
  1.00000e+36  1.00000e+36  1.00000e+36  1.00000e+36  1.00000e+36  1.00000e+36
  1.00000e+36    -0.332670    -0.341273    -0.350380    -0.362701    -0.378107
    -0.395768    -0.415157    -0.435899    -0.455714    -0.474193    -0.492540
    -0.511549    -0.530558    -0.549562    -0.567514    -0.585631    -0.602612
    -0.618492    -0.633488    -0.646705    -0.656011    -0.659625    -0.655948
    -0.644192    -0.622143    -0.593516    -0.567665    -0.540422    -0.512051
    -0.480132    -0.455867    -0.428236    -0.397662    -0.366586    -0.334360
    -0.303529    -0.274909    -0.249952    -0.226444    -0.205993    -0.186406
    -0.169520    -0.152518    -0.135489    -0.120354    -0.105991   -0.0918128
   -0.0762827   -0.0623973   -0.0513030   -0.0418632   -0.0336072   -0.0261392
   -0.0209263   -0.0120794  -0.00804088  -0.00417381  -0.00162427  0.000586480
   0.00419859   0.00317861   0.00242542   0.00114785  0.000607632      0.00000
      0.00000      0.00000      0.00000      0.00000      0.00000      0.00000
      0.00000      0.00000      0.00000      0.00000      0.00000      0.00000
      0.00000      0.00000      0.00000      0.00000      0.00000      0.00000
      0.00000      0.00000      0.00000      0.00000      0.00000      0.00000
      0.00000      0.00000      0.00000      0.00000      0.00000      0.00000
      0.00000      0.00000      0.00000      0.00000      0.00000      0.00000
      0.00000      0.00000      0.00000      0.00000      0.00000      0.00000
      0.00000      0.00000      0.00000      0.00000      0.00000      0.00000
      0.00000      0.00000      0.00000      0.00000      0.00000      0.00000
      0.00000      0.00000      0.00000      0.00000      0.00000      0.00000
